7.506489066123455700e+01
7.506660020520165233e+01
7.506831042703134926e+01
7.507002121720258003e+01
7.507173246242722087e+01
7.507344404552587491e+01
7.507515584529879504e+01
7.507686773639264288e+01
7.507857958916194718e+01
7.508029126952554577e+01
7.508200263881842318e+01
7.508371355363678390e+01
7.508542386567879134e+01
7.508713342157854242e+01
7.508884206273391726e+01
7.509054962512836084e+01
7.509225593914561614e+01
7.509396082937760752e+01
7.509566411442507672e+01
7.509736560668980587e+01
7.509906511216131264e+01
7.510076243019160813e+01
7.510245735515475474e+01
7.510414966812189164e+01
7.510583914785168247e+01
7.510752556903597110e+01
7.510920869155769708e+01
7.511088826975084487e+01
7.511256404948629495e+01
7.511423576786796730e+01
7.511590315291658726e+01
7.511756592324098847e+01
7.511922378769688180e+01
7.512087644502952344e+01
7.512252358350400527e+01
7.512416488052015495e+01
7.512580000220894760e+01
7.512742860301611358e+01
7.512905032526596472e+01
7.513066479870596481e+01
7.513227164003500036e+01
7.513387045241061912e+01
7.513546082493211031e+01
7.513704233210822281e+01
7.513861453329354845e+01
7.514017697210896074e+01
7.514172917583073286e+01
7.514327065475418976e+01
7.514480090153271874e+01
7.514631939048345544e+01
7.514782557686386610e+01
7.514931889611574434e+01
7.515079876307700602e+01
7.515226457115369385e+01
7.515371569145830222e+01
7.515515147190794210e+01
7.515657123627890712e+01
7.515797428321992868e+01
7.515935988521852096e+01
7.516072728751841225e+01
7.516207570698792040e+01
7.516340433093222373e+01
7.516471231585222768e+01
7.516599878613757824e+01
7.516726283270924114e+01
7.516850351157826537e+01
7.516971984235249238e+01
7.517091080665676373e+01
7.517207534648105138e+01
7.517321236244585236e+01
7.517432071197784182e+01
7.517539920740000525e+01
7.517644661391506133e+01
7.517746164749779325e+01
7.517844297266675824e+01
7.517938920015254212e+01
7.518029888443504660e+01
7.518117052115746901e+01
7.518200254440151298e+01
7.518279332381898428e+01
7.518354116160759304e+01
7.518424428932877390e+01
7.518490086454437460e+01
7.518550896728064004e+01
7.518606659628872535e+01
7.518657166510078582e+01
7.518702199786793017e+01
7.518741532496352420e+01
7.518774927833203492e+01
7.518802138658405454e+01
7.518822906979626453e+01
7.518836963402080187e+01
7.518844026546835835e+01
7.518843802435301882e+01
7.518835983836829939e+01
7.518820249577910886e+01
7.518796263809443303e+01
7.518763675229763521e+01
7.518722116259986876e+01
7.518671202169181811e+01
7.518610530086951371e+01
7.518539678868654619e+01
7.518458206007932176e+01
7.518365647379391703e+01
7.518261518014239186e+01
7.518145308557544126e+01
7.518016484616761375e+01
7.517874485325582157e+01
7.517718721812883587e+01
7.517548575568743274e+01
7.517363396700719136e+01
7.517162502072029895e+01
7.516945173311043504e+01
7.516710654683916459e+01
7.516458150818723993e+01
7.516186824269172462e+01
7.515895792905415362e+01
7.515584127118091828e+01
7.515250846820306663e+01
7.514894918230606891e+01
7.514515250420177495e+01
7.514110691602544989e+01
7.513680025146179275e+01
7.513221965285237047e+01
7.512735152503427116e+01
7.512218148562149622e+01
7.511669431142277631e+01
7.511087388066242454e+01
7.510470311062486815e+01
7.509816389032168615e+01
7.509123700772774157e+01
7.508390207110254266e+01
7.507613742385372291e+01
7.506792005234214571e+01
7.505922548598682909e+01
7.505002768893542964e+01
7.504029894252410315e+01
7.503000971764025451e+01
7.501912853602101450e+01
7.500762181944774909e+01
7.499545372563814283e+01
7.498258596955761845e+01
7.496897762872866622e+01
7.495458493094690766e+01
7.493936102269205435e+01
7.492325571629677938e+01
7.490621519998879307e+01
7.488818208035641533e+01
7.486909411664049685e+01
7.484888440795933207e+01
7.482748172308154722e+01
7.480480907550551706e+01
7.478078357344084282e+01
7.475531590062641385e+01
7.472830974754461408e+01
7.469966118826464196e+01
7.466925799785708762e+01
7.463697890491032183e+01
7.460269277343385852e+01
7.456625770812178189e+01
7.452752007680858526e+01
7.448631344390126685e+01
7.444245740876681339e+01
7.439575634341798605e+01
7.434599802475982244e+01
7.429295215790602924e+01
7.423636878924017424e+01
7.417597661080587557e+01
7.411148116195049340e+01
7.404256294002209415e+01
7.396887544003656956e+01
7.389004315401356848e+01
7.380565954285594898e+01
7.371528772123001261e+01
7.361845133528979090e+01
7.351463727041789298e+01
7.340330043292304651e+01
7.328385559313414888e+01
7.315568037280657165e+01
7.301811701325810589e+01
7.287047545804124127e+01
7.271203974554809690e+01
7.254207662217736186e+01
7.235984688560002098e+01
7.216462230460918192e+01
7.195570748783080717e+01
7.173246795215999327e+01
7.149436515655813196e+01
7.124099898506790396e+01
7.097215765395672804e+01
7.068787823808067117e+01
7.038849598678640973e+01
7.007471408314981431e+01
6.974735665012265429e+01
6.940048092312130734e+01
6.902652673523223825e+01
6.862383676198837179e+01
6.819112511454622449e+01
6.772724534633306348e+01
6.723124418650645850e+01
6.670242135239892889e+01
6.614039269521830988e+01
6.554515794308441912e+01
6.491716590277243881e+01
6.425737719641102785e+01
6.356731728085558331e+01
6.284911141435806314e+01
6.210550324108096021e+01
6.133984209039128643e+01
6.055604374794790346e+01
5.975852241749474558e+01
5.895209080219012776e+01
5.814182997182992096e+01
5.733294747567912708e+01
5.653062864790865660e+01
5.573988121489778536e+01
5.496539406431882213e+01
5.421142062376616622e+01
5.348168842532063394e+01
5.277933179016207532e+01
5.210686431003622232e+01
5.146617719150935244e+01
5.085856691256821449e+01
5.028477249639846036e+01
4.974502963736460259e+01
4.923914392437435339e+01
4.876655304655078993e+01
4.832639668759154006e+01
4.791758127654822630e+01
4.753884135089305829e+01
4.718878845517378551e+01
4.686595153408239867e+01
4.656882047606551112e+01
4.629587617204639116e+01
4.604561382918780055e+01
4.581656167399841451e+01
4.560729479034414169e+01
4.541644748181717972e+01
4.524271815512126693e+01
4.508487273077704316e+01
4.494174883479976756e+01
4.481225492225213003e+01
4.469536964160374737e+01
4.459014052879292933e+01
4.449568069842152340e+01
4.441116588810941579e+01
4.433583285593147849e+01
4.426897426334854657e+01
4.420993489716376246e+01
4.415810963035491454e+01
4.411293944593255389e+01
4.407390825686524494e+01
4.404053963183957876e+01
4.401239394326329801e+01
4.398906571371850305e+01
4.397018090746258423e+01
4.395539442356450621e+01
4.394438790116583959e+01
4.393686760869307051e+01
4.393256259241604766e+01
4.393122268978496692e+01
4.393261690442081857e+01
4.393653197628498219e+01
4.394277090948092734e+01
4.395115169059895521e+01
4.396149976156577566e+01
4.397292383376463221e+01
4.398394807741281909e+01
4.399444752052085761e+01
4.400446095473399311e+01
4.401402328023664978e+01
4.402316597310169044e+01
4.403191745180564709e+01
4.404030354314235751e+01
4.404834765153256626e+01
4.405607108852723997e+01
4.406349342063873564e+01
4.407063253592034613e+01
4.407750483122170948e+01
4.408412538242502876e+01
4.409050807743093969e+01
4.409666573319072569e+01
4.410261019892376311e+01
4.410835244736290406e+01
4.411390264446306730e+01
4.411927024787578233e+01
4.412446406575936919e+01
4.412949228888260222e+01
4.413436255781918049e+01
4.413908200886692157e+01
4.414365731545234439e+01
4.414809472534308554e+01
4.415240009430821289e+01
4.415657891655325074e+01
4.416063634344376965e+01
4.416457723009600045e+01
4.416840615259111047e+01
4.417212740836185958e+01
4.417574504886020748e+01
4.417926289664919182e+01
4.418268456112603104e+01
4.418601344809331977e+01
4.418925285127159697e+01
4.419240575500569435e+01
4.419547498332565993e+01
4.419846334315464986e+01
4.420137342800393299e+01
4.420420769746562684e+01
4.420696848534107914e+01
4.420965800700975734e+01
4.421227836639278763e+01
4.421483156225748701e+01
4.421731949420107100e+01
4.421974396805133978e+01
4.422210670102751351e+01
4.422440932642545164e+01
4.422665339370180959e+01
4.422884038260235684e+01
4.423097170503465492e+01
4.423304869896352187e+01
4.423507263767341868e+01
4.423704473280375993e+01
4.423896613718547854e+01
4.424083794747696885e+01
4.424266120664069746e+01
4.424443690623326120e+01
4.424616598854002802e+01
4.424784934582734053e+01
4.424948782995956975e+01
4.425108225020386499e+01
4.425263336806131065e+01
4.425414190601441788e+01
4.425560854821033274e+01
4.425703394086242781e+01
4.425841869346568558e+01
4.425976337982091735e+01
4.426106853912811090e+01
4.426233467681789335e+01
4.426356226545813399e+01
4.426475174550320446e+01
4.426590352594778466e+01
4.426701798498850593e+01
4.426809547053499472e+01
4.426913630070703221e+01
4.427014076421558997e+01
4.427110912074552829e+01
4.427204160118571963e+01
4.427293840788621537e+01
4.427379971476263876e+01
4.427462566741412786e+01
4.427541638312396088e+01
4.427617195082572010e+01
4.427689243098009797e+01
4.427757785538386770e+01
4.427822822696628435e+01
4.427884351942997654e+01
4.427942367685858471e+01
4.427996861327209643e+01
4.428047821209592882e+01
4.428095232547733673e+01
4.428139077637700183e+01
4.428179334922890575e+01
4.428215979549587900e+01
4.428248983711237940e+01
4.428278315744866234e+01
4.428303940289304563e+01
4.428325818151417081e+01
4.428343906160652210e+01
4.428358157007490092e+01
4.428368519069426412e+01
4.428374936218413893e+01
4.428377347611871784e+01
4.428375687467771371e+01
4.428369884815203505e+01
4.428359863223337101e+01
4.428345540512374612e+01
4.428326828428762241e+01
4.428303632302100823e+01
4.428275850659345991e+01
4.428243374819377465e+01
4.428206088433516641e+01
4.428163866999720000e+01
4.428116577319886460e+01
4.428064076915563163e+01
4.428006213380687939e+01
4.427942823678155548e+01
4.427873733366369891e+01
4.427798755746188419e+01
4.427717690933748429e+01
4.427630324821402752e+01
4.427536427951809372e+01
4.427435754259843037e+01
4.427328039686979366e+01
4.427213000645153329e+01
4.427090332310244492e+01
4.426959706724969124e+01
4.426820770683836770e+01
4.426673143373082553e+01
4.426516413725249777e+01
4.426350137458528877e+01
4.426173833740396901e+01
4.425986981434473932e+01
4.425789014852338710e+01
4.425579318946660834e+01
4.425357223844892474e+01
4.425121998620239339e+01
4.424872844168477570e+01
4.424608885041624262e+01
4.424329160041735065e+01
4.424032611361508316e+01
4.423718071977441468e+01
4.423384250987490418e+01
4.423029716443828363e+01
4.422652875197479716e+01
4.422251949095756629e+01
4.421856360043435075e+01
4.421781799092575937e+01
4.422237125537655800e+01
4.423267430924666854e+01
4.424919108730599504e+01
4.427242083003987005e+01
4.430290066796779058e+01
4.434120801941375589e+01
4.438796367553916866e+01
4.444383467142928623e+01
4.450953673088575613e+01
4.458583759381540546e+01
4.467355982340567522e+01
4.477358363921683804e+01
4.488684942239274989e+01
4.501436067280042863e+01
4.515718568241941000e+01
4.531645858850495756e+01
4.549338080317364330e+01
4.568922062342410584e+01
4.590531184771320028e+01
4.614305067604216504e+01
4.640389157557805078e+01
4.668933964624918076e+01
4.700094025916055074e+01
4.734026676094546815e+01
4.770890325324841541e+01
4.810842336097241656e+01
4.854036331143039718e+01
4.900619340255188661e+01
4.950727950774021480e+01
5.004483875492985590e+01
5.061989507300542357e+01
5.123322609783591020e+01
5.188530792476078801e+01
5.257625754666141660e+01
5.330577675321578823e+01
5.407310019873801821e+01
5.487695005034594686e+01
5.571550250042744068e+01
5.658637123367861932e+01
5.748660038560587537e+01
5.841269992856017268e+01
5.936068571950988826e+01
6.032613951568318100e+01
6.130431310629581532e+01
6.229022972927491253e+01
6.327880039592345440e+01
6.426495557687431415e+01
6.524376463289517858e+01
6.621054253589025507e+01
6.716095389760994294e+01
6.809109245630024532e+01
6.899753076696518406e+01
6.987735970729652024e+01
7.072820483588617435e+01
7.154821148431500433e+01
7.233602630679999379e+01
7.309076095363423065e+01
7.381194480227020449e+01
7.449948220838327018e+01
7.515359955709760698e+01
7.577478991264831620e+01
7.636376756447064906e+01
7.692142256887444773e+01
7.744878086177385512e+01
7.794697041246520541e+01
7.841718021061282684e+01
7.886064175393329378e+01
7.927861084133303393e+01
7.967234251657650645e+01
8.004307903543508473e+01
8.039203665288601997e+01
8.072039803988637630e+01
8.102930694882240914e+01
8.131986441236648488e+01
8.159311990125800662e+01
8.185007457551837717e+01
8.209168255629101907e+01
8.231884708823935171e+01
8.253242261188374584e+01
8.273321499218891972e+01
8.292198352326063571e+01
8.309944343508264808e+01
8.326626814805450749e+01
