7.133641665036988400e+01
7.132745584920651538e+01
7.131833848939811560e+01
7.130906160389679371e+01
7.129962215682925830e+01
7.129001704158572750e+01
7.128024307884680866e+01
7.127029701454625865e+01
7.126017551776747894e+01
7.124987517857081798e+01
7.123939250574991888e+01
7.122872392451287737e+01
7.121786577408802543e+01
7.120681430524842881e+01
7.119556567775410372e+01
7.118411595770869837e+01
7.117246111482566562e+01
7.116059701960358552e+01
7.114851944040302101e+01
7.113622404042521907e+01
7.112370637458633382e+01
7.111096188628279435e+01
7.109798590404663798e+01
7.108477363808221128e+01
7.107132017668295987e+01
7.105762046657888220e+01
7.104366937984580943e+01
7.102946160859225699e+01
7.101499167514205624e+01
7.100025402440360267e+01
7.098524293053283429e+01
7.096995251686909967e+01
7.095437675119086407e+01
7.093850944079981957e+01
7.092234422742548361e+01
7.090587458194011106e+01
7.088909379888312401e+01
7.087199499077759413e+01
7.085457108223971545e+01
7.083681480386555052e+01
7.081871868588885377e+01
7.080027505160008161e+01
7.078147601051649929e+01
7.076231345129126282e+01
7.074277903435398684e+01
7.072286418426622845e+01
7.070256008178471063e+01
7.068185765561626965e+01
7.066074757385312921e+01
7.063922023507289794e+01
7.061726575909247572e+01
7.059487397735368575e+01
7.057203442293406681e+01
7.054873632015815588e+01
7.052496857379374262e+01
7.050071975782259415e+01
7.047597810375054905e+01
7.045073148845492028e+01
7.042496742153544176e+01
7.039867303215072525e+01
7.037183505532223649e+01
7.034443981767253717e+01
7.031647322258102406e+01
7.028792073472403956e+01
7.025876736397967193e+01
7.022899764865967143e+01
7.019859563804615732e+01
7.016754487419295572e+01
7.013582841504923238e+01
7.010342868394207017e+01
7.007032754055913415e+01
7.003650634779643269e+01
7.000194581065446187e+01
6.996662600044307112e+01
6.993052633046028177e+01
6.989362553063503469e+01
6.985590162107756385e+01
6.981733188450441219e+01
6.977789283746237459e+01
6.973756020032706715e+01
6.969630886599796327e+01
6.965411286724778961e+01
6.961094534265255618e+01
6.956677850105891991e+01
6.952158358450397202e+01
6.947533082953883365e+01
6.942798942687417707e+01
6.937952747928693498e+01
6.932991195770688364e+01
6.927910865541744556e+01
6.922708214027601059e+01
6.917379570490322749e+01
6.911921131473096125e+01
6.906328955384171309e+01
6.900598956852103072e+01
6.894726900842999839e+01
6.888708396530928724e+01
6.882538890914663909e+01
6.876213662171535645e+01
6.869727812739240846e+01
6.863076262120151227e+01
6.856253739397854474e+01
6.849254775460563849e+01
6.842073694924863503e+01
6.834704591345919766e+01
6.827141423670474296e+01
6.819377806304562739e+01
6.811407076736487909e+01
6.803222454865687041e+01
6.794816840635766653e+01
6.786182862436407959e+01
6.777312866526862933e+01
6.768198906163488004e+01
6.758832730445513448e+01
6.749205772895209066e+01
6.739309139798601223e+01
6.729133598332462896e+01
6.718669564515835191e+01
6.707907091029676394e+01
6.696835854955608625e+01
6.685445145499457453e+01
6.673723851771492832e+01
6.661660450714217063e+01
6.649242995278557089e+01
6.636459102970863455e+01
6.623295944907543742e+01
6.609740235543046083e+01
6.595778223252827388e+01
6.581395681986757040e+01
6.566577904238177155e+01
6.551309695603997341e+01
6.535575371254508070e+01
6.519358841026136986e+01
6.502643347497213711e+01
6.485411647478031227e+01
6.467646204416504929e+01
6.449328922888109616e+01
6.430441259475843196e+01
6.410964245531127403e+01
6.390878516254838360e+01
6.370164346952759615e+01
6.348801697398305066e+01
6.326770265313155051e+01
6.304049550061763796e+01
6.280618927729589984e+01
6.256457738829215742e+01
6.231545389940957591e+01
6.205861470648626721e+01
6.179385887159394741e+01
6.152099014007895050e+01
6.123981865218677001e+01
6.095016286240943515e+01
6.065185167848517267e+01
6.034472861093045992e+01
6.002864901456135271e+01
5.970348647047096335e+01
5.936913965322446529e+01
5.902553006576408734e+01
5.867260746305443320e+01
5.831035361317998422e+01
5.793878623690152807e+01
5.755796308725156507e+01
5.716798611942638786e+01
5.676900568884119025e+01
5.636122470226047199e+01
5.594490331716414033e+01
5.552036060811868623e+01
5.508797947010479845e+01
5.464821099548611016e+01
5.420157458981240239e+01
5.374866034623661903e+01
5.329012977812993057e+01
5.282671554712106143e+01
5.235922007013552815e+01
5.188851290822012174e+01
5.141552686604025979e+01
5.094125276378145628e+01
5.046673271236637959e+01
4.999305332841669269e+01
4.952133471848450341e+01
4.905272116286126760e+01
4.858837173852867153e+01
4.812944619743993258e+01
4.767709529051768413e+01
4.723244800724994263e+01
4.679659790093846539e+01
4.637059293237116009e+01
4.595542463430098223e+01
4.555201822984572857e+01
4.516122494292478962e+01
4.478381218279167797e+01
4.442045950345266903e+01
4.407175607579439003e+01
4.373819569151788755e+01
4.342017657962191635e+01
4.311800256960960809e+01
4.283188330205911853e+01
4.256193775239774624e+01
4.230819993299907367e+01
4.207062294819851900e+01
4.184908472777269139e+01
4.164339428394239206e+01
4.145329723170221570e+01
4.127848611717461580e+01
4.111860456704646793e+01
4.097325249799181535e+01
4.084199539647483590e+01
4.072436963746036298e+01
4.061988895820196177e+01
4.052804963350258305e+01
4.044833559038514892e+01
4.038022306884954560e+01
4.032318489902763758e+01
4.027669399853350285e+01
4.024022683175009263e+01
4.021326641409563507e+01
4.019456512205877630e+01
4.017872999958131430e+01
4.016357861367827553e+01
4.014906322465690636e+01
4.013514646293651111e+01
4.012179405108724239e+01
4.010897442750922437e+01
4.009665849659154446e+01
4.008481943999326091e+01
4.007343240296501108e+01
4.006247447398933303e+01
4.005192438115222586e+01
4.004176225544941303e+01
4.003196967374947945e+01
4.002252947198856958e+01
4.001342563816338327e+01
4.000464321626571262e+01
3.999616821984945148e+01
3.998798757067532250e+01
3.998008898985815307e+01
3.997246094172432862e+01
3.996509261246937683e+01
3.995797383525763991e+01
3.995109504270951817e+01
3.994444722355090249e+01
3.993802188309317813e+01
3.993181100711596798e+01
3.992580702879165244e+01
3.992000279840394228e+01
3.991439156731028959e+01
3.990896693383456295e+01
3.990372282703967954e+01
3.989865351194731602e+01
3.989375355162034964e+01
3.988901778886738470e+01
3.988444132937055286e+01
3.988001953579578895e+01
3.987574798367562323e+01
3.987162239008157627e+01
3.986763886047235417e+01
3.986379367697034581e+01
3.986008315920239653e+01
3.985650387178505838e+01
3.985305253736870412e+01
3.984972604481575331e+01
3.984652143127877366e+01
3.984343587465189529e+01
3.984046668649975942e+01
3.983761130548970186e+01
3.983486729122678582e+01
3.983223231849957102e+01
3.982970417188984413e+01
3.982728074073008884e+01
3.982496001438973110e+01
3.982274007783141911e+01
3.982061910749139599e+01
3.981859536736150318e+01
3.981666720537698012e+01
3.981483304997612294e+01
3.981309140688129133e+01
3.981144085982035818e+01
3.980988005910485583e+01
3.980840772070899192e+01
3.980702263171762922e+01
3.980572364314068068e+01
3.980450966777186750e+01
3.980337967815001576e+01
3.980233270465068784e+01
3.980136783368958220e+01
3.980048420609973192e+01
3.979968101551199311e+01
3.979895750695326484e+01
3.979831297545428725e+01
3.979774676481965656e+01
3.979725826643411324e+01
3.979684691818822984e+01
3.979651220347779628e+01
3.979625365028484651e+01
3.979607083032470882e+01
3.979596335827831410e+01
3.979593089106283088e+01
3.979597312698010114e+01
3.979608980573250676e+01
3.979628070770224468e+01
3.979654565335156491e+01
3.979688450282881007e+01
3.979729715572992887e+01
3.979778355079836416e+01
3.979834368337581196e+01
3.979897755527508707e+01
3.979968520161826007e+01
3.980046673458756601e+01
3.980132228739358879e+01
3.980225203216890151e+01
3.980325618007556443e+01
3.980433498157005801e+01
3.980548872659657178e+01
3.980671774156715514e+01
3.980802239528069464e+01
3.980940310076522337e+01
3.981086030969022715e+01
3.981239451546041863e+01
3.981400625387766468e+01
3.981569610383215263e+01
3.981746468806081651e+01
3.981931267399801300e+01
3.982124077468295553e+01
3.982324974976454968e+01
3.982534040650553919e+01
3.982751360101398319e+01
3.982977023941948858e+01
3.983211127918735883e+01
3.983453773057457425e+01
3.983705065808978674e+01
3.983965118215002832e+01
3.984234048073610523e+01
3.984511979130879666e+01
3.984799041265287656e+01
3.985095370704667062e+01
3.985401110238863964e+01
3.985716409459695342e+01
3.986041425005791439e+01
3.986376320829253217e+01
3.986721268475508850e+01
3.987076447385025091e+01
3.987442045205204266e+01
3.987818258133469840e+01
3.988205291269677133e+01
3.988603359004765991e+01
3.989012685415140425e+01
3.989433504704585687e+01
3.989866061653662399e+01
3.990310612112661204e+01
3.990767423516652457e+01
3.991236775442490625e+01
3.991718960194116761e+01
3.992214283431827937e+01
3.992723064844346226e+01
3.993245638860689439e+01
3.993782355413760143e+01
3.994333580759212055e+01
3.994899698345105321e+01
3.995481109744655157e+01
3.996078235659408051e+01
3.996691516984964920e+01
3.997321415965080149e+01
3.997968417418340437e+01
3.998633030066166327e+01
3.999315787954790125e+01
4.000017251985349986e+01
4.000738011564655494e+01
4.001478686380365701e+01
4.002239928322357088e+01
4.003022423551517761e+01
4.003826894741254705e+01
4.004654103502472395e+01
4.005504853009891519e+01
4.006379990852524031e+01
4.007280412131442660e+01
4.008207062824407529e+01
4.009160943452426551e+01
4.010143113078058974e+01
4.011154693667192817e+01
4.012196875213277281e+01
4.013270915172826392e+01
4.014378159001633861e+01
4.015520038090553356e+01
4.016698065535060636e+01
4.017913858723844100e+01
4.019169142928212324e+01
4.020465760597884497e+01
4.021805681679727940e+01
4.023191015048750074e+01
4.024624021240472871e+01
4.026107126627059785e+01
4.027642939257196275e+01
4.029234266587175739e+01
4.030884135373823796e+01
4.032595814050660010e+01
4.034372837966815695e+01
4.036219037918923647e+01
4.038138572506223056e+01
4.040135964929667267e+01
4.042216144965660618e+01
4.044384497006110024e+01
4.046646915224097540e+01
4.049009867145913688e+01
4.051480467194554080e+01
4.054066562096056003e+01
4.056776830488517049e+01
4.059620886907759996e+01
4.062599262560557634e+01
4.065690203972386740e+01
4.068894018289883974e+01
4.072216922597826283e+01
4.075665598797345979e+01
4.079247237853395092e+01
4.082969589198268778e+01
4.086841021906558069e+01
4.090870557383968986e+01
4.095067990277110681e+01
4.099443947612799377e+01
4.104009932449694276e+01
4.108778476856636530e+01
4.113763238532764888e+01
4.118979129898908553e+01
4.124442465321268259e+01
4.130171129503327876e+01
4.136184770676874223e+01
4.142505022921651658e+01
4.149155762881223097e+01
4.156163407178530633e+01
4.163557258253502624e+01
4.171369908014666805e+01
4.179637710823000418e+01
4.188401340034811682e+01
4.197706315953174538e+01
4.207604166939212575e+01
4.218153133789473941e+01
4.229418992857218740e+01
4.241476802481154351e+01
4.254412406370103383e+01
4.268324424135307282e+01
4.283326693989389611e+01
4.299551290243923773e+01
4.317152277067059885e+01
4.336310461781413750e+01
4.357239237337232396e+01
4.380192136477212728e+01
4.405472481448859412e+01
4.433446463627056033e+01
4.464559328435861119e+01
4.499356676106238240e+01
4.538514041735001570e+01
4.582875761132794423e+01
4.633507940656596702e+01
4.691770786392167736e+01
4.759417647738101209e+01
4.838729752509141235e+01
4.932696588434599505e+01
5.045244210109157024e+01
5.181486975015064900e+01
5.347892087979190734e+01
5.552005606837539631e+01
5.800831629159674208e+01
6.095983123071643206e+01
6.423484501528218971e+01
6.741262280086490932e+01
6.981537326678386535e+01
7.109140302639684705e+01
7.224535057937055171e+01
7.354389980474482513e+01
7.486290188243603438e+01
7.611650263347279122e+01
7.725938627324310914e+01
7.827609645686462159e+01
7.916877908353731641e+01
7.994807167044554319e+01
8.062761244489189494e+01
8.122115740530023231e+01
8.174130363308786684e+01
8.219905090479124965e+01
8.260375829094785161e+01
8.296328403034992505e+01
8.328419277407220989e+01
8.357195995886381468e+01
8.383115410193306616e+01
8.406559759618200189e+01
8.427850001556953430e+01
8.447256718286934074e+01
8.465009055597286647e+01
8.481301944852233987e+01
8.496302063525084236e+01
8.510152237715564638e+01
8.522975633078364410e+01
8.534879158523420983e+01
8.545955611311302391e+01
8.556286033311738493e+01
8.565941457198644571e+01
8.574984319090584961e+01
8.583469760811240690e+01
8.591446627403099967e+01
8.598958285431497472e+01
8.606043461909504799e+01
