0.69076007226
0.689032587864
0.687305065166
0.685577504152
0.683849904811
0.682122267134
0.680394591116
0.678666876752
0.676939124044
0.675211332992
0.673483503604
0.671755635887
0.670027729853
0.668299785517
0.666571802899
0.664843782019
0.663115722905
0.661387625584
0.659659490092
0.657931316466
0.656203104747
0.654474854982
0.652746567221
0.651018237661
0.649289879003
0.647561477165
0.645833037575
0.644104560308
0.642376045445
0.640647493074
0.638918903285
0.637190276178
0.635461611857
0.633732910434
0.632004172027
0.630275396761
0.628546584767
0.626817736186
0.625088851165
0.62335992986
0.621630972433
0.619901979057
0.618172949914
0.616443885193
0.614714785094
0.612985649827
0.611256479611
0.609527274677
0.607798035266
0.60606876163
0.604339454035
0.602610112756
0.600880738082
0.599151330315
0.597421889772
0.595692416782
0.593962911689
0.592233374852
0.590503806647
0.588774207465
0.587044577713
0.585314917818
0.583585228223
0.581855509391
0.580125761803
0.578395985962
0.576666182392
0.574936351638
0.573206494267
0.571476610872
0.569746702068
0.568016768498
0.566286810829
0.564556829757
0.562826826007
0.561096800334
0.559366753521
0.557636686387
0.555906599782
0.554176494593
0.552446371743
0.550716232191
0.548986076938
0.547255907025
0.545525723534
0.543795527596
0.542065320385
0.540335103125
0.538604877091
0.536874643609
0.535144404063
0.533414159893
0.531683912599
0.529953663745
0.528223414961
0.526493167942
0.524762924461
0.523032686361
0.521302455565
0.519572234079
0.517842023996
0.516111824551
0.514381674821
0.512651510871
0.510921367593
0.509191247573
0.507461153511
0.505731088229
0.504001054671
0.502271055915
0.500541095177
0.49881117582
0.497081301358
0.495351475468
0.493621701995
0.491891984965
0.490162328589
0.488432737277
0.48670321565
0.484973768547
0.48324440104
0.481515118447
0.479785926343
0.478056830581
0.4763278373
0.474598952946
0.47287018429
0.471141538447
0.469413022893
0.467684645494
0.465956414521
0.464228338682
0.462500427145
0.460772689569
0.459045136133
0.457317777571
0.45559062521
0.453863691002
0.452136987574
0.450410528265
0.448684327181
0.446958399242
0.445232760244
0.443507426913
0.441782416978
0.440057749239
0.438333443645
0.436609518689
0.434886058253
0.433162966599
0.431440329952
0.429718175413
0.427996531859
0.426275430084
0.424554902949
0.422834985549
0.421115715393
0.419397132606
0.417679280141
0.415962204018
0.414245953582
0.412530581791
0.410816145522
0.409102705916
0.40739032875
0.405679084846
0.403969050519
0.402260308069
0.400552946314
0.398847061181
0.397142756337
0.395440143892
0.393739345145
0.392040490161
0.390343813912
0.388649287043
0.386957167408
0.385267635621
0.383580887237
0.381897133855
0.380216604222
0.378539537131
0.376866207577
0.375196901745
0.373531926367
0.371871608931
0.370216297406
0.368566359307
0.366922179927
0.365284159503
0.363652709104
0.362028289248
0.360411224115
0.358801962702
0.357200896947
0.355608564894
0.354025718562
0.352453162208
0.350891750965
0.349342382084
0.347806004803
0.346283605534
0.344776204034
0.343284846344
0.341810585327
0.340354479901
0.338917569459
0.337500856242
0.336105295124
0.334731752091
0.333381005105
0.332053711198
0.330750401203
0.329471438103
0.328217040103
0.326987254662
0.325781965316
0.324600884762
0.323443583504
0.322309489725
0.321197901656
0.320108019379
0.319038950787
0.317989760011
0.316959439795
0.315946965066
0.314951302708
0.313971408714
0.31300626381
0.312054860927
0.311116249205
0.31018949114
0.309273690959
0.308368002714
0.307471625294
0.306583803827
0.305703826814
0.304831024203
0.303964785829
0.303104525067
0.302249702433
0.301399818506
0.300554404505
0.299713029505
0.298875296661
0.298040831039
0.297209284354
0.296380359611
0.295553752071
0.294729191926
0.293906429913
0.293085235807
0.292265399834
0.291446721437
0.290629020113
0.289812129076
0.288995896701
0.288180176157
0.287364837888
0.286549748676
0.285734823125
0.284919943308
0.284105014574
0.283289949528
0.282474668618
0.281659095324
0.28084315601
0.28002682688
0.279210114005
0.27839303594
0.277575613334
0.276757855944
0.275939779931
0.275121400756
0.274302721238
0.27348377054
0.272664554321
0.271845079481
0.27102535606
0.270205393486
0.269385200628
0.268564785843
0.267744157024
0.266923321635
0.266102286744
0.265281062491
0.264459650904
0.263638058252
0.262816290472
0.261994353196
0.261172251775
0.260349991303
0.259527576636
0.258705012408
0.257882303052
0.257059456467
0.256236471708
0.255413353092
0.254590104683
0.253766730325
0.252943233658
0.252119618136
0.251295889446
0.250472012865
0.249648062552
0.248824005173
0.247999843642
0.247175580766
0.246351219251
0.245526761709
0.244702210663
0.243877568555
0.243052837748
0.242228020534
0.241403119137
0.240578135716
0.23975307237
0.238927934365
0.2381027196
0.237277430207
0.236452068237
0.235626635663
0.234801134392
0.233975566265
0.233149933069
0.232324236536
0.231498478352
0.230672660158
0.229846786312
0.229020853508
0.22819486472
0.227368822294
0.226542727678
0.22571658228
0.22489038749
0.22406414468
0.223237855206
0.222411520411
0.221585141621
0.220758720152
0.219932257308
0.219105754382
0.218279212658
0.21745263341
0.216626017907
0.21579936741
0.214972683174
0.214145966453
0.213319218494
0.212492440544
0.211665633847
0.210838799649
0.210011939195
0.209185053734
0.208358144516
0.207531212797
0.206704259837
0.205877286904
0.205050295273
0.204223286229
0.203396261064
0.202569210147
0.201742156173
0.200915089487
0.200088011353
0.199260923043
0.198433825844
0.197606721054
0.196779609987
0.195952493975
0.195125374366
0.194298252528
0.193471129849
0.192644007741
0.191816887642
0.190989771014
0.190162659347
0.189335554166
0.188508457023
0.18768136951
0.186854293254
0.186027229923
0.185200181229
0.184373148929
0.183546134831
0.182719140793
0.181892168733
0.181065220628
0.180238298519
0.179411404517
0.178584540808
0.177757709657
0.176930913415
0.176104154523
0.175277435523
0.174450759061
0.173624127896
0.172797544913
0.171971013127
0.171144535695
0.170318115931
0.169491757313
0.168665463501
0.167839238355
0.167013085943
0.16618701057
0.165361016794
0.16453510945
0.16370929368
0.162883574957
0.162057959124
0.161232452432
0.160407061577
0.159581793757
0.158756656725
0.157931658853
0.157106805465
0.156281970346
0.155456977313
0.154631626896
0.153805703574
0.152978974591
0.152151185972
0.151322075627
0.150491340526
0.14965866977
0.148823723768
0.147986136855
0.147145515548
0.146301436723
0.145453448081
0.144601056024
0.143743740277
0.142880940105
0.142012055587
0.141136445811
0.140253427205
0.139362273412
0.138462207915
0.137552413776
0.136632025458
0.135700131284
0.134755774476
0.133797955106
0.132825636946
0.131837735824
0.130833150129
0.129810750899
0.128769395247
0.12770793713
0.126625239254
0.125520189744
0.12439171507
0.123238798789
0.122060499252
0.120855967857
0.119624462115
0.118365388824
0.117078255673
0.115762763247
0.114418756657
0.113046248666
0.111645416956
0.110216610349
0.108760307476
0.107277143812
0.105767874351
0.104233360144
0.102674540932
0.101092447324
0.0994881321864
0.0978626873939
0.0962172203638
0.0945528300904
0.0928706075207
0.0911716277987
0.0894569108341
0.0877274519581
0.0859842028748
0.0842280686054
0.0824599078185
0.080680524248
0.0788906571584
0.0770910633473
0.0752823845527
0.073465249595
0.0716402270237
0.0698078578798
0.0679686448788
0.0661230593895
0.0642715260501
0.0624144296184
0.0605521880545
0.0586851249973
0.0568135694083
0.0549378108904
0.0530581291647
0.0511747837827
0.0492880212879
0.047398055254
0.0455050773124
